0.000225
0.0004
0.000484
0.001521
0.0049
0.0049
0.001296
0.001764
0.002025
0.006241
0.0064
0.006561
0.006724
0.004489
0.007921
0.012544
0.017689
0.022801
0.0169
0.0144
0.026569
0.031329
0.036864
0.04
0.040401
0.003364
0.003364
0.021609
0.046656
0.048841
0.0256
0.026244
0.040401
0.042849
0.033124
0.034969
0.031329
0.0324
0.024649
0.053361
0.053361
0.064009
0.063504
0.065025
0.066049
0.021609
0.021904
0.027225
0.027225
0.027225
0.029241
0.054756
0.055225
0.058564
0.065025
0.055225
0.0289
0.04
0.064516
0.100489
0.110224
0.1024
0.133225
0.081225
0.142884
0.094249
0.089401
0.128881
0.151321
0.045369
