9837.41
360.990
360.990
723.179
723.179
723.825
900.657
1034.125
1034.126
1086.552
1086.552
1087.774
1087.774
1259.807
1259.807
1388.969
1394.681
1394.681
1394.900
1397.681
1451.093
1451.093
1452.818
1452.818
1453.394
1483.220
1483.220
1620.196
1620.196
1620.740
1749.520
1749.520
1756.414
1756.414
1757.121
1757.121
1759.762
1759.762
1785.098
1816.786
1816.786
1818.938
1818.939
1820.016
1820.016
1844.245
1844.317
1844.318
1844.677
1931.513
1931.513
1981.811
1981.812
1982.812
1982.812
2057.051
2065.269
2065.269
2111.365
2111.365
2112.282
2119.309
2119.309
2120.523
2120.523
2120.891
2122.818
2122.818
2123.283
2142.348
